1,174,1331,-1, 1.0
2,1333,2040,-1, 1.0
3,2044,4383,-1, 1.0
4,4430,5890,-1, 1.0
5,5887,8328,1, 1.0
6,8416,9270,1, 1.0
7,9275,10210,1, 1.0
8,10367,11104,-1, 1.0
9,11108,11734,-1, 1.0
10,11793,13115,-1, 1.0
11,13183,14526,-1, 1.0
12,14585,15964,-1, 1.0
13,16018,16683,-1, 1.0
14,16680,17684,1, 1.0
15,17757,18206,-1, 1.0
16,18283,19002,-1, 1.0
17,19034,20158,-1, 1.0
18,20155,20388,-1, 1.0
19,20378,21295,-1, 1.0
20,21261,21611,1, 1.0
21,21634,22524,1, 1.0
22,22532,23953,1, 1.0
23,24150,25172,-1, 1.0
24,25173,26159,1, 1.0
25,26152,27243,1, 1.0
26,27287,27847,-1, 1.0
27,27847,28353,-1, 1.0
28,28330,29370,1, 1.0
29,29363,30250,1, 1.0
30,30289,30525,-1, 1.0
31,30526,30930,1, 1.0
32,31101,31520,1, 1.0
33,31579,32091,1, 1.0
34,32335,32532,-1, 1.0
35,32543,33697,1, 1.0
36,33758,34876,-1, 1.0
37,34925,36511,-1, 1.0
38,36556,37269,-1, 1.0
39,37360,37968,-1, 1.0
40,38074,38226,-1, 1.0
41,38231,40021,-1, 1.0
42,40052,40576,1, 1.0
43,40595,42397,1, 1.0
44,42415,44190,1, 1.0
45,44305,46965,-1, 1.0
46,46950,48896,1, 1.0
47,49017,49475,-1, 1.0
48,49482,50591,1, 1.0
49,50672,52144,-1, 1.0
50,52148,52762,1, 1.0
51,52837,54075,-1, 1.0
52,54244,54915,1, 1.0
53,55066,56028,-1, 1.0
54,56047,56181,1, 1.0
55,56663,57787,-1, 1.0
56,57789,58175,1, 1.0
57,58176,58637,1, 1.0
58,58826,58963,-1, 1.0
59,59051,59413,-1, 1.0
60,59496,63080,-1, 1.0
61,63126,64148,-1, 1.0
62,64160,65449,1, 1.0
63,65841,67190,-1, 1.0
64,67208,67513,1, 1.0
65,67604,67792,-1, 1.0
66,67828,68802,-1, 1.0
67,68803,69036,1, 1.0
68,69046,71028,1, 1.0
69,71066,71353,1, 1.0
70,71401,71742,1, 1.0
71,71763,72368,1, 1.0
72,72448,74376,-1, 1.0
73,74373,75650,1, 1.0
74,75650,76867,1, 1.0
75,76872,77657,1, 1.0
76,77679,79121,1, 1.0
77,79219,79581,-1, 1.0
78,79845,80951,-1, 1.0
79,80967,81137,-1, 1.0
80,81171,82808,-1, 1.0
81,82844,84133,-1, 1.0
82,84786,85253,-1, 1.0
83,85259,85939,1, 1.0
84,85958,86680,1, 1.0
85,86776,87960,-1, 1.0
86,87975,89828,-1, 1.0
87,89838,91241,-1, 1.0
88,91260,91964,-1, 1.0
89,91965,92273,1, 1.0
90,92390,92728,-1, 1.0
91,92764,92994,-1, 1.0
92,92962,93144,1, 1.0
93,93215,94837,-1, 1.0
94,95004,95147,-1, 1.0
95,95155,96303,1, 1.0
96,96452,96715,-1, 1.0
97,96748,97131,-1, 1.0
98,97200,97346,-1, 1.0
99,97375,97701,1, 1.0
100,97734,98660,1, 1.0
101,98735,99532,1, 1.0
102,99535,100965,1, 1.0
103,100958,102370,1, 1.0
104,102557,103324,-1, 1.0
105,103324,104991,-1, 1.0
106,104981,105916,1, 1.0
107,106023,107387,-1, 1.0
108,107394,107486,1, 1.0
109,107552,107938,1, 1.0
110,108003,109157,1, 1.0
111,109169,109831,1, 1.0
112,109828,110754,1, 1.0
113,110805,111362,-1, 1.0
114,111615,112325,-1, 1.0
115,112312,113037,1, 1.0
116,113076,113246,1, 1.0
117,113301,113699,-1, 1.0
118,113692,114483,-1, 1.0
119,114476,114946,1, 1.0
120,114949,116403,1, 1.0
121,116503,116895,-1, 1.0
122,116904,117332,-1, 1.0
123,117334,118533,-1, 1.0
124,118530,118799,-1, 1.0
125,118750,119682,1, 1.0
126,119826,120068,-1, 1.0
127,120073,120750,1, 1.0
128,120767,121735,1, 1.0
129,121892,122161,-1, 1.0
130,122163,122846,-1, 1.0
131,123289,124260,-1, 1.0
132,124573,124932,1, 1.0
133,125358,126113,-1, 1.0
134,126143,127102,1, 1.0
135,127095,127739,1, 1.0
136,127740,130037,1, 1.0
137,130155,130676,-1, 1.0
138,130689,132041,1, 1.0
139,132148,132894,-1, 1.0
140,132895,134295,-1, 1.0
141,134349,135356,-1, 1.0
142,135371,136267,-1, 1.0
143,136272,136892,-1, 1.0
144,136897,137547,1, 1.0
145,137554,137766,1, 1.0
146,137792,139039,-1, 1.0
147,139098,139517,-1, 1.0
148,139518,140426,1, 1.0
149,140446,141867,1, 1.0
150,141958,142305,-1, 1.0
151,142302,142919,-1, 1.0
152,142916,143869,1, 1.0
153,143954,144682,-1, 1.0
154,144716,146728,-1, 1.0
155,146813,148453,-1, 1.0
156,148684,149397,-1, 1.0
157,149447,150625,-1, 1.0
158,150609,151499,1, 1.0
159,151577,151855,-1, 1.0
160,151818,152003,1, 1.0
161,152080,152556,1, 1.0
162,152557,153471,1, 1.0
163,153482,153802,1, 1.0
164,153804,154403,1, 1.0
165,154417,155043,1, 1.0
166,155113,156231,1, 1.0
167,156307,157452,1, 1.0
168,157532,158989,1, 1.0
169,159071,159421,-1, 1.0
170,159422,160666,1, 1.0
171,160714,161025,-1, 1.0
172,161069,161695,-1, 1.0
173,161711,162202,1, 1.0
174,162339,163040,-1, 1.0
175,163042,163770,1, 1.0
176,163830,164975,-1, 1.0
177,164984,165886,1, 1.0
178,165925,167112,-1, 1.0
179,167121,167573,-1, 1.0
180,167587,168804,1, 1.0
181,168789,169754,1, 1.0
182,169751,170668,1, 1.0
183,170770,172167,-1, 1.0
184,172160,173083,1, 1.0
185,173089,173343,1, 1.0
186,173478,174542,-1, 1.0
187,174547,174729,-1, 1.0
188,174737,175279,-1, 1.0
189,175302,175718,-1, 1.0
190,175726,176322,-1, 1.0
191,176344,177072,-1, 1.0
192,177069,178178,1, 1.0
193,178178,179989,1, 1.0
194,180017,180883,1, 1.0
195,180959,182341,1, 1.0
196,182408,182860,-1, 1.0
197,182880,185189,1, 1.0
198,185245,186840,-1, 1.0
199,186826,187794,1, 1.0
200,187791,188657,1, 1.0
201,188883,190091,-1, 1.0
202,190093,190824,1, 1.0
203,190852,191946,-1, 1.0
204,191925,193049,1, 1.0
205,193065,194234,1, 1.0
206,194249,194971,1, 1.0
207,195017,195412,1, 1.0
208,195441,195968,1, 1.0
209,196161,196847,1, 1.0
210,196935,197360,1, 1.0
211,197424,198023,1, 1.0
212,198110,198349,1, 1.0
213,198413,201172,1, 1.0
214,201456,202748,-1, 1.0
215,202752,204419,1, 1.0
216,204419,204736,1, 1.0
217,204968,205948,-1, 1.0
218,205971,206252,1, 1.0
219,206256,207254,1, 1.0
220,207261,208916,1, 1.0
221,209144,210145,-1, 1.0
222,210201,210593,-1, 1.0
223,210607,213018,-1, 1.0
224,213062,214045,-1, 1.0
225,214133,214315,-1, 1.0
226,214782,215729,1, 1.0
227,215754,216641,-1, 1.0
228,216807,217889,-1, 1.0
229,218002,219096,-1, 1.0
230,219107,219748,1, 1.0
231,219760,221616,1, 1.0
232,221663,222838,1, 1.0
233,222913,223707,1, 1.0
234,223922,225178,1, 1.0
235,225168,225389,1, 1.0
236,225590,225772,-1, 1.0
237,225809,226150,-1, 1.0
238,226153,227169,1, 1.0
239,227169,227666,1, 1.0
240,227987,228280,-1, 1.0
241,228281,229006,1, 1.0
242,229639,230163,-1, 1.0
243,230206,233103,-1, 1.0
244,233270,233893,1, 1.0
245,234019,234648,-1, 1.0
246,234650,236008,1, 1.0
247,236138,236683,-1, 1.0
248,236686,237324,1, 1.0
249,237326,237919,1, 1.0
250,237925,238500,1, 1.0
251,238705,239439,-1, 1.0
252,239494,240465,-1, 1.0
253,240466,240903,-1, 1.0
254,240884,241141,1, 1.0
255,241142,241753,1, 1.0
256,241941,242141,1, 1.0
257,242221,242373,-1, 1.0
258,242645,244681,-1, 1.0
259,244685,245305,1, 1.0
260,245302,246711,1, 1.0
261,246725,248026,1, 1.0
262,247995,249266,1, 1.0
263,249507,249758,-1, 1.0
264,249768,250049,-1, 1.0
265,250057,251637,1, 1.0
266,251711,252457,-1, 1.0
267,252632,254092,-1, 1.0
268,254182,255378,-1, 1.0
269,255473,256033,-1, 1.0
270,256035,257588,1, 1.0
271,257622,258239,-1, 1.0
272,258236,258619,1, 1.0
273,258843,259979,-1, 1.0
274,259957,260697,1, 1.0
275,260796,261914,-1, 1.0
276,261948,262088,-1, 1.0
277,262103,263107,1, 1.0
278,263158,264426,1, 1.0
279,264658,265218,-1, 1.0
280,265222,266070,-1, 1.0
281,266079,267497,1, 1.0
282,267567,269027,-1, 1.0
283,269024,269599,-1, 1.0
284,269602,271125,1, 1.0
285,271159,271764,1, 1.0
286,271785,272648,1, 1.0
287,272692,273267,-1, 1.0
288,273321,274526,-1, 1.0
289,274511,275947,1, 1.0
290,275944,276507,1, 1.0
291,276559,277122,1, 1.0
292,277177,279333,-1, 1.0
293,279339,280184,1, 1.0
294,280190,281008,1, 1.0
295,281101,282486,-1, 1.0
296,282495,283025,1, 1.0
297,283025,283759,1, 1.0
298,283764,284126,1, 1.0
299,284199,284627,-1, 1.0
300,284637,285650,-1, 1.0
301,285783,286031,-1, 1.0
302,286034,286177,-1, 1.0
303,286318,286512,-1, 1.0
304,286546,287445,1, 1.0
305,287455,289623,-1, 1.0
306,289627,290874,1, 1.0
307,290882,293290,1, 1.0
308,293329,293529,1, 1.0
309,293710,294237,-1, 1.0
310,294221,294772,1, 1.0
311,294747,294926,1, 1.0
312,295042,295677,1, 1.0
313,295903,296322,-1, 1.0
314,296547,297776,1, 1.0
315,297783,299024,1, 1.0
316,299159,300250,1, 1.0
317,300358,300837,1, 1.0
318,301064,302587,1, 1.0
319,302812,303174,-1, 1.0
320,303280,303432,-1, 1.0
321,303445,304314,-1, 1.0
322,304335,304919,-1, 1.0
323,304916,305092,-1, 1.0
324,305233,305550,1, 1.0
325,305556,306371,1, 1.0
326,306489,307151,1, 1.0
327,307152,308411,1, 1.0
328,308446,309681,1, 1.0
329,309806,310462,-1, 1.0
330,310505,310987,-1, 1.0
331,310994,312430,1, 1.0
332,318175,319053,1, 1.0
333,319058,319267,1, 1.0
334,319348,320109,1, 1.0
335,320182,321573,1, 1.0
336,321681,322274,-1, 1.0
337,322362,323249,-1, 1.0
338,323345,323599,1, 1.0
339,323821,323955,1, 1.0
340,324090,324233,1, 1.0
341,324602,325036,-1, 1.0
342,325033,325542,1, 1.0
343,325698,325838,-1, 1.0
344,326126,326434,1, 1.0
345,326727,326924,-1, 1.0
346,327021,327320,-1, 1.0
347,327659,329188,1, 1.0
348,329222,329332,1, 1.0
349,329486,329986,-1, 1.0
350,329991,330206,1, 1.0
351,330305,330625,-1, 1.0
352,330635,331042,1, 1.0
353,331032,331322,1, 1.0
354,331771,332010,-1, 1.0
355,332029,332190,1, 1.0
356,332317,332766,-1, 1.0
357,332838,333110,-1, 1.0
358,333117,333461,1, 1.0
359,333466,333570,1, 1.0
360,333688,333927,1, 1.0
361,334132,334548,-1, 1.0
362,334655,334903,-1, 1.0
363,335047,335214,1, 1.0
364,335406,335666,-1, 1.0
365,335687,336565,1, 1.0
366,336639,337472,1, 1.0
367,337578,338342,-1, 1.0
368,338404,338556,1, 1.0
369,339039,339380,-1, 1.0
370,339448,339549,-1, 1.0
371,339593,339781,-1, 1.0
372,340199,341272,-1, 1.0
373,341305,341478,1, 1.0
374,341600,342223,-1, 1.0
375,342256,343044,-1, 1.0
376,343111,343296,1, 1.0
377,343484,343627,-1, 1.0
378,343848,343952,-1, 1.0
379,344032,344496,-1, 1.0
380,344518,344904,-1, 1.0
381,344969,345265,-1, 1.0
382,345420,345821,-1, 1.0
383,346954,347136,1, 1.0
384,347296,347616,-1, 1.0
385,347668,348045,1, 1.0
386,348223,348627,-1, 1.0
387,348632,348781,-1, 1.0
388,348968,349357,-1, 1.0
389,349383,349691,1, 1.0
390,350589,350732,1, 1.0
391,350803,350988,1, 1.0
392,351016,351174,1, 1.0
393,351526,351660,1, 1.0
394,351742,351846,1, 1.0
395,351856,352020,1, 1.0
396,352201,352527,-1, 1.0
397,352975,354660,-1, 1.0
398,354691,355473,-1, 1.0
399,355490,356344,-1, 1.0
400,356377,356820,-1, 1.0
401,356905,357096,1, 1.0
402,357196,357519,-1, 1.0
403,357535,357903,1, 1.0
404,357904,358167,1, 1.0
405,358218,358490,1, 1.0
406,358796,358942,1, 1.0
407,358942,359055,1, 1.0
408,359056,359211,1, 1.0
409,359300,359485,1, 1.0
410,359690,359971,1, 1.0
411,360019,360486,1, 1.0
412,360659,360871,-1, 1.0
413,360886,361050,1, 1.0
414,361091,361597,1, 1.0
415,361683,361853,-1, 1.0
416,361951,362733,1, 1.0
417,363007,365496,1, 1.0
418,365498,366988,1, 1.0
419,366972,367616,1, 1.0
420,367786,367983,-1, 1.0
421,368002,368220,1, 1.0
422,368613,369053,-1, 1.0
423,369054,369662,-1, 1.0
424,369683,370438,-1, 1.0
425,370438,370920,-1, 1.0
426,370993,372369,-1, 1.0
427,372369,373283,-1, 1.0
428,373301,373567,-1, 1.0
429,373571,374209,-1, 1.0
430,374367,374942,-1, 1.0
431,374950,375756,-1, 1.0
432,375753,376919,1, 1.0
433,377005,377784,1, 1.0
434,377785,378444,1, 1.0
435,378453,379037,1, 1.0
436,379082,379726,-1, 1.0
437,379757,381682,-1, 1.0
438,381740,382186,-1, 1.0
439,382301,382612,1, 1.0
440,382776,382919,1, 1.0
441,382974,383168,-1, 1.0
442,383670,385037,-1, 1.0
443,385044,386168,-1, 1.0
444,386171,387157,1, 1.0
445,387242,388711,1, 1.0
446,388715,389878,1, 1.0
447,389953,390561,1, 1.0
448,390898,391200,-1, 1.0
449,391211,392746,-1, 1.0
450,392828,393532,-1, 1.0
451,393515,394696,1, 1.0
452,394729,395523,1, 1.0
453,396030,396290,-1, 1.0
454,396312,396557,1, 1.0
455,396629,398122,-1, 1.0
456,398179,399987,-1, 1.0
457,400070,400903,-1, 1.0
458,400923,401594,1, 1.0
459,401765,401968,-1, 1.0
460,402171,402563,-1, 1.0
461,402566,402802,-1, 1.0
462,402934,404424,-1, 1.0
463,404925,406238,-1, 1.0
464,406258,408021,1, 1.0
465,408023,408970,1, 1.0
466,408980,409210,1, 1.0
467,409270,410037,-1, 1.0
468,410074,410775,-1, 1.0
469,410784,411218,1, 1.0
470,411342,412091,-1, 1.0
471,412094,412780,1, 1.0
472,412795,414315,1, 1.0
473,414484,417096,-1, 1.0
474,417099,417683,-1, 1.0
475,417706,418344,-1, 1.0
476,418359,419516,-1, 1.0
477,419517,420509,-1, 1.0
478,420504,421649,1, 1.0
479,421761,422420,-1, 1.0
480,422426,422779,1, 1.0
481,422877,423479,1, 1.0
482,423492,425117,1, 1.0
483,425114,425917,1, 1.0
484,426170,427105,-1, 1.0
485,427102,428100,-1, 1.0
486,428137,429153,-1, 1.0
487,429207,430031,-1, 1.0
488,430039,430551,-1, 1.0
489,430556,432301,1, 1.0
490,432435,432614,-1, 1.0
491,432615,433364,1, 1.0
492,433458,434129,-1, 1.0
493,434126,434998,1, 1.0
494,435011,435898,1, 1.0
495,436020,437618,-1, 1.0
496,437615,438106,1, 1.0
497,438164,438919,1, 1.0
498,438912,439805,1, 1.0
499,439817,440797,1, 1.0
500,440775,441311,1, 1.0
501,441435,441752,-1, 1.0
502,441721,442479,1, 1.0
503,442563,442823,1, 1.0
504,442853,444577,1, 1.0
505,444628,445182,-1, 1.0
506,445200,445334,1, 1.0
507,445365,445919,1, 1.0
508,445994,447064,-1, 1.0
509,447070,447252,-1, 1.0
510,447410,448609,-1, 1.0
511,448610,450046,1, 1.0
512,450293,450481,1, 1.0
513,450648,451130,1, 1.0
514,451145,451453,1, 1.0
515,451489,452382,-1, 1.0
516,452379,453092,1, 1.0
517,453269,454378,-1, 1.0
518,454404,454916,-1, 1.0
519,454984,455481,-1, 1.0
520,455506,455709,-1, 1.0
521,455827,456633,-1, 1.0
522,456638,457939,1, 1.0
523,458167,459012,1, 1.0
524,459085,459381,-1, 1.0
525,459427,460026,-1, 1.0
526,460093,461316,-1, 1.0
527,461325,462269,-1, 1.0
528,462266,463861,1, 1.0
529,463824,464918,1, 1.0
530,464964,465254,1, 1.0
531,465261,465746,1, 1.0
532,465856,467361,-1, 1.0
533,467424,468011,-1, 1.0
534,468018,468968,1, 1.0
535,469063,470253,1, 1.0
536,470585,472858,-1, 1.0
537,472859,473965,1, 1.0
538,473968,474822,1, 1.0
539,474834,475364,1, 1.0
540,475395,475577,-1, 1.0
541,475580,476029,1, 1.0
542,476059,476868,-1, 1.0
543,476865,477191,-1, 1.0
544,477171,478187,1, 1.0
545,478206,479516,1, 1.0
546,479598,480035,1, 1.0
547,480062,481864,1, 1.0
548,482041,482391,-1, 1.0
549,482478,482732,-1, 1.0
550,482722,483270,-1, 1.0
551,483260,483628,-1, 1.0
552,483658,484344,-1, 1.0
553,484307,485521,1, 1.0
554,485563,486891,1, 1.0
555,487009,488367,-1, 1.0
556,488453,488884,-1, 1.0
557,488884,490635,-1, 1.0
558,490726,491727,-1, 1.0
559,491753,492886,1, 1.0
560,492883,493431,1, 1.0
561,493460,494164,1, 1.0
562,494294,494989,1, 1.0
563,495020,496189,1, 1.0
564,496255,497430,-1, 1.0
565,497565,499328,-1, 1.0
566,499386,499739,-1, 1.0
567,499746,500528,1, 1.0
568,500539,501444,1, 1.0
569,501441,502658,1, 1.0
570,502722,503519,-1, 1.0
571,503631,504347,-1, 1.0
572,504457,505497,-1, 1.0
573,505501,506508,-1, 1.0
574,506510,507217,-1, 1.0
575,507372,508112,-1, 1.0
576,508109,508771,1, 1.0
577,508827,510053,-1, 1.0
578,510061,510768,1, 1.0
579,510866,510970,-1, 1.0
580,511060,511407,-1, 1.0
581,511465,512469,-1, 1.0
582,512474,513361,1, 1.0
583,513553,515133,1, 1.0
584,515137,516393,1, 1.0
585,516550,516918,1, 1.0
586,517017,517787,-1, 1.0
587,517796,518383,1, 1.0
588,518710,519021,-1, 1.0
589,519087,520502,-1, 1.0
590,520592,520933,-1, 1.0
591,521024,523321,-1, 1.0
592,523329,524858,-1, 1.0
593,524862,525128,-1, 1.0
594,525134,525382,-1, 1.0
595,525483,525722,-1, 1.0
596,525728,525955,1, 1.0
597,526041,526433,1, 1.0
598,526458,527198,1, 1.0
599,527242,527889,-1, 1.0
600,527894,529690,-1, 1.0
601,529690,530220,-1, 1.0
602,530222,530905,1, 1.0
603,530911,531519,1, 1.0
604,531716,533107,-1, 1.0
605,533102,534340,1, 1.0
606,534377,535756,-1, 1.0
607,535762,536841,1, 1.0
608,536949,537998,-1, 1.0
609,538345,538578,-1, 1.0
610,538582,538902,-1, 1.0
611,538941,539780,-1, 1.0
612,539879,540154,1, 1.0
613,540112,540228,1, 1.0
614,540325,540597,-1, 1.0
615,540814,541134,1, 1.0
616,541131,541505,1, 1.0
617,541511,542434,1, 1.0
618,542581,543246,1, 1.0
619,543310,543774,-1, 1.0
620,543828,546410,1, 1.0
621,546477,546827,1, 1.0
622,546886,547869,1, 1.0
623,547878,548918,1, 1.0
624,549042,551306,1, 1.0
625,551361,552938,1, 1.0
626,552947,553213,1, 1.0
627,553268,553675,1, 1.0
628,553684,554127,1, 1.0
629,554192,558136,-1, 1.0
630,558100,559512,-1, 1.0
631,559522,559884,-1, 1.0
632,559890,560483,-1, 1.0
633,560476,562563,1, 1.0
634,562568,564118,1, 1.0
635,564197,565213,1, 1.0
636,565152,566189,1, 1.0
637,566199,568115,1, 1.0
638,568119,569135,1, 1.0
639,569125,569580,1, 1.0
640,569751,571076,-1, 1.0
641,571112,572014,-1, 1.0
642,572019,572783,-1, 1.0
643,572795,573667,-1, 1.0
644,573674,574840,-1, 1.0
645,574845,575183,1, 1.0
646,575229,575813,1, 1.0
647,575865,577631,-1, 1.0
648,577662,578519,-1, 1.0
649,578565,580016,-1, 1.0
650,580028,581398,-1, 1.0
651,581401,582750,1, 1.0
652,582791,583696,1, 1.0
653,583693,585009,1, 1.0
654,585243,585866,-1, 1.0
655,585912,586724,-1, 1.0
656,586724,587812,-1, 1.0
657,587809,588603,-1, 1.0
658,588631,589602,-1, 1.0
659,589700,591682,-1, 1.0
660,591679,592401,1, 1.0
661,592570,593349,-1, 1.0
662,593379,593792,1, 1.0
663,593891,595180,-1, 1.0
664,595185,595439,-1, 1.0
665,595466,595768,-1, 1.0
666,595904,596140,-1, 1.0
667,596195,596371,1, 1.0
668,596691,597749,-1, 1.0
669,597856,599229,-1, 1.0
670,599268,599525,-1, 1.0
671,599522,600181,1, 1.0
672,600256,600798,-1, 1.0
673,600795,601502,1, 1.0
674,601515,602798,1, 1.0
675,603027,604028,-1, 1.0
676,603999,605030,1, 1.0
677,605104,605661,1, 1.0
678,605813,606265,-1, 1.0
679,606272,607204,1, 1.0
680,607233,608444,1, 1.0
681,608614,610122,-1, 1.0
682,610226,610885,-1, 1.0
683,610958,612286,-1, 1.0
684,612301,613191,-1, 1.0
685,613198,614766,1, 1.0
686,614798,616075,1, 1.0
687,616123,617265,-1, 1.0
688,617617,617874,-1, 1.0
689,617861,619507,1, 1.0
690,619616,620089,-1, 1.0
691,620091,620477,1, 1.0
692,620479,620976,1, 1.0
693,621167,621544,1, 1.0
694,621735,621887,1, 1.0
695,621890,622279,1, 1.0
696,622370,622804,-1, 1.0
697,622839,623168,1, 1.0
698,623165,623761,1, 1.0
699,623818,624018,1, 1.0
700,624090,624326,-1, 1.0
701,624356,624646,-1, 1.0
702,624955,625677,-1, 1.0
703,626013,626762,-1, 1.0
704,626920,627024,1, 1.0
705,627256,627405,1, 1.0
706,628184,628378,-1, 1.0
707,628383,628640,1, 1.0
708,628726,631134,1, 1.0
709,631192,631887,-1, 1.0
710,631917,633554,-1, 1.0
711,633606,634280,-1, 1.0
712,634282,635184,1, 1.0
713,635174,635821,1, 1.0
714,635907,636350,-1, 1.0
715,636360,637133,-1, 1.0
716,637138,637881,-1, 1.0
717,637899,638543,1, 1.0
718,638594,640096,1, 1.0
719,640101,640838,1, 1.0
720,640835,641740,1, 1.0
721,641741,642922,1, 1.0
722,643157,643660,-1, 1.0
723,643694,644911,-1, 1.0
724,645013,646302,-1, 1.0
725,646299,647213,1, 1.0
726,647295,648164,-1, 1.0
727,648173,648970,1, 1.0
728,649003,650193,-1, 1.0
729,650190,651281,1, 1.0
730,651412,652602,-1, 1.0
731,652890,653243,-1, 1.0
732,653240,653377,-1, 1.0
733,654112,654294,-1, 1.0
734,654709,654840,1, 1.0
735,655057,655200,1, 1.0
736,655346,655585,1, 1.0
737,655765,655920,1, 1.0
738,655989,656198,1, 1.0
739,656275,656664,1, 1.0
740,656770,656943,1, 1.0
741,657049,657258,1, 1.0
742,657929,658111,-1, 1.0
743,658635,658889,1, 1.0
744,658894,659028,1, 1.0
745,659198,659317,1, 1.0
746,659400,659561,1, 1.0
747,659755,659961,1, 1.0
748,660182,660397,1, 1.0
749,660394,660585,1, 1.0
750,660634,660837,1, 1.0
751,660841,661104,1, 1.0
752,661208,661873,-1, 1.0
753,662186,662914,1, 1.0
754,662986,663087,1, 1.0
755,663181,663435,1, 1.0
756,663435,663662,1, 1.0
757,663762,663917,1, 1.0
758,664508,664648,1, 1.0
759,665181,665417,-1, 1.0
760,665432,665674,-1, 1.0
761,665689,665880,1, 1.0
762,665979,666290,1, 1.0
763,666574,666960,-1, 1.0
764,666960,667049,-1, 1.0
765,667052,667189,-1, 1.0
766,667306,667659,-1, 1.0
767,668058,669113,-1, 1.0
768,669385,670128,-1, 1.0
769,670125,671273,-1, 1.0
770,671290,671616,1, 1.0
771,671693,673975,1, 1.0
772,674137,675495,1, 1.0
773,675854,676825,-1, 1.0
774,676875,678101,1, 1.0
775,678132,679391,1, 1.0
776,679403,680425,1, 1.0
777,680491,680862,-1, 1.0
778,680881,681087,1, 1.0
779,681244,681411,-1, 1.0
780,681401,682411,1, 1.0
781,682455,682685,1, 1.0
782,682867,683403,-1, 1.0
783,683454,683759,-1, 1.0
784,684046,684228,1, 1.0
785,684390,684665,1, 1.0
786,685013,685351,-1, 1.0
787,685369,685602,1, 1.0
788,685879,686826,-1, 1.0
789,686833,687726,-1, 1.0
790,687728,688537,-1, 1.0
791,688767,688889,-1, 1.0
792,688929,689078,-1, 1.0
793,689268,689576,1, 1.0
794,689797,690441,1, 1.0
795,690442,692919,1, 1.0
796,692919,694556,1, 1.0
797,694553,695545,1, 1.0
798,695582,695992,1, 1.0
799,696077,696364,1, 1.0
800,696460,697776,1, 1.0
801,697920,698285,1, 1.0
802,698520,698723,-1, 1.0
803,698792,699022,-1, 1.0
804,699100,699306,-1, 1.0
805,699336,699521,1, 1.0
806,699665,699847,-1, 1.0
807,700040,700165,1, 1.0
808,700175,700525,1, 1.0
809,700574,700750,1, 1.0
810,700832,701269,1, 1.0
811,701405,701674,-1, 1.0
812,701682,701888,1, 1.0
813,701933,702211,1, 1.0
814,702343,702447,-1, 1.0
815,702603,703256,1, 1.0
816,703292,703882,-1, 1.0
817,703879,705792,1, 1.0
818,705905,706120,-1, 1.0
819,706117,707346,1, 1.0
820,707343,708593,1, 1.0
821,708637,709359,-1, 1.0
822,709359,710273,-1, 1.0
823,710270,711445,-1, 1.0
824,711460,712182,-1, 1.0
825,712205,712354,-1, 1.0
826,712410,713327,-1, 1.0
827,713478,714182,-1, 1.0
828,714227,714883,-1, 1.0
829,714889,715962,-1, 1.0
830,715992,718448,-1, 1.0
831,718507,719193,-1, 1.0
832,719197,720987,1, 1.0
833,721075,723237,-1, 1.0
834,723227,724558,1, 1.0
835,724669,725400,-1, 1.0
836,725513,727315,-1, 1.0
837,727322,727705,-1, 1.0
838,727695,728423,-1, 1.0
839,728536,729480,-1, 1.0
840,729491,730246,1, 1.0
841,730434,731435,-1, 1.0
842,731453,732754,-1, 1.0
843,732893,734188,-1, 1.0
844,734287,735705,-1, 1.0
845,735702,736430,-1, 1.0
846,736461,737009,-1, 1.0
847,736999,737385,-1, 1.0
848,737403,739082,1, 1.0
849,739106,739396,1, 1.0
850,739426,740070,1, 1.0
851,740106,740618,-1, 1.0
852,740628,741683,-1, 1.0
853,741738,741905,-1, 1.0
854,742007,742258,-1, 1.0
855,742259,742924,-1, 1.0
856,742975,744048,1, 1.0
857,744191,745294,1, 1.0
858,745294,745683,1, 1.0
859,745688,746566,1, 1.0
860,746750,747649,1, 1.0
861,747739,748812,1, 1.0
862,748841,749875,1, 1.0
863,749890,750972,1, 1.0
864,750969,751463,1, 1.0
865,751468,752004,1, 1.0
866,752038,752493,1, 1.0
867,752490,753545,1, 1.0
868,753546,754706,1, 1.0
869,754730,755272,1, 1.0
870,755287,756909,1, 1.0
871,756989,757756,1, 1.0
872,757864,758769,-1, 1.0
873,758743,759285,1, 1.0
874,759421,760032,-1, 1.0
875,760044,760232,1, 1.0
876,760257,760916,1, 1.0
877,760952,761605,1, 1.0
878,761703,762761,-1, 1.0
879,762769,762924,1, 1.0
880,763014,763562,-1, 1.0
881,763548,763838,1, 1.0
882,763846,764442,1, 1.0
883,764497,764727,1, 1.0
884,764766,765572,1, 1.0
885,765679,767001,1, 1.0
886,767367,767711,-1, 1.0
887,767739,767921,1, 1.0
888,768103,768255,-1, 1.0
889,768322,768618,1, 1.0
890,768818,768997,-1, 1.0
891,769026,769184,1, 1.0
892,769252,769620,-1, 1.0
893,769737,770102,-1, 1.0
894,770971,771333,1, 1.0
895,771463,771708,1, 1.0
896,771996,772190,1, 1.0
897,772378,772536,-1, 1.0
898,772787,772966,1, 1.0
899,773065,773193,1, 1.0
900,773224,773484,1, 1.0
901,773484,773693,1, 1.0
902,773693,773800,1, 1.0
903,774177,774335,1, 1.0
904,774319,774459,1, 1.0
905,774456,774755,1, 1.0
906,774815,775090,1, 1.0
907,776518,777483,1, 1.0
908,777485,777979,1, 1.0
909,777989,778309,1, 1.0
910,778323,778961,1, 1.0
911,779070,782369,-1, 1.0
912,782376,782594,1, 1.0
913,782624,784330,1, 1.0
914,784387,784563,-1, 1.0
915,784654,785340,-1, 1.0
916,786182,790189,1, 1.0
917,790292,791140,-1, 1.0
918,791141,791785,-1, 1.0
919,791807,792961,-1, 1.0
920,792967,793161,-1, 1.0
921,793199,793729,-1, 1.0
922,793731,794351,-1, 1.0
923,794419,794787,-1, 1.0
924,794780,794941,1, 1.0
925,795015,798530,1, 1.0
926,798605,799315,-1, 1.0
927,799312,800298,1, 1.0
928,800295,801647,1, 1.0
929,801650,803074,1, 1.0
930,803112,804284,1, 1.0
931,804368,804919,1, 1.0
932,804996,805451,1, 1.0
933,805514,807733,1, 1.0
934,807807,808106,1, 1.0
935,808108,808434,1, 1.0
936,808431,808778,1, 1.0
937,808959,809708,-1, 1.0
938,809710,810036,-1, 1.0
939,810042,810218,1, 1.0
940,810354,812108,-1, 1.0
941,812143,812916,-1, 1.0
942,812943,813527,1, 1.0
943,813844,814002,-1, 1.0
944,814009,814227,1, 1.0
945,814290,814460,1, 1.0
946,814693,814860,-1, 1.0
947,814929,815084,-1, 1.0
948,815085,815243,1, 1.0
949,815484,815636,1, 1.0
950,815709,816077,-1, 1.0
951,816334,816450,-1, 1.0
952,816447,816587,-1, 1.0
953,816587,816823,-1, 1.0
954,817042,817191,-1, 1.0
955,817404,817568,-1, 1.0
956,817735,817920,-1, 1.0
957,818478,818726,1, 1.0
958,819133,819372,-1, 1.0
959,819489,819632,-1, 1.0
960,820328,820810,1, 1.0
961,820814,821362,1, 1.0
962,821372,821686,1, 1.0
963,821798,822424,-1, 1.0
964,822421,823047,1, 1.0
965,823040,824575,1, 1.0
966,824635,825819,1, 1.0
967,825859,826080,1, 1.0
968,826089,826283,1, 1.0
969,826385,828850,-1, 1.0
970,828956,829204,-1, 1.0
971,829621,830634,1, 1.0
972,830778,830954,-1, 1.0
973,830958,831788,1, 1.0
974,831846,832238,1, 1.0
975,832347,832568,-1, 1.0
976,832609,836169,1, 1.0
977,836194,837108,1, 1.0
978,837180,840917,-1, 1.0
979,840919,841566,1, 1.0
980,841559,842158,1, 1.0
981,842214,844184,1, 1.0
982,844194,844715,1, 1.0
983,844742,845221,-1, 1.0
984,845218,846447,1, 1.0
985,846450,847097,1, 1.0
986,847097,848269,1, 1.0
987,848270,849130,1, 1.0
988,849238,851814,-1, 1.0
989,851817,853397,1, 1.0
990,853580,854236,-1, 1.0
991,854220,855275,1, 1.0
992,855364,857097,-1, 1.0
993,857094,857531,1, 1.0
994,857568,857960,1, 1.0
995,857995,858969,1, 1.0
996,858920,860917,1, 1.0
997,861281,861655,-1, 1.0
998,861661,862509,-1, 1.0
999,862531,863682,-1, 1.0
1000,863832,865736,-1, 1.0
1001,865776,866012,-1, 1.0
1002,866018,866551,-1, 1.0
1003,866557,866859,-1, 1.0
1004,866852,867187,-1, 1.0
1005,867252,867515,-1, 1.0
1006,867518,869431,1, 1.0
1007,869548,871089,-1, 1.0
1008,871171,871653,-1, 1.0
1009,871685,871963,-1, 1.0
1010,871967,872296,1, 1.0
1011,872358,874148,-1, 1.0
1012,874141,875370,-1, 1.0
1013,875385,875957,-1, 1.0
1014,875957,876415,-1, 1.0
1015,876418,877920,-1, 1.0
1016,877838,878044,1, 1.0
1017,878050,879432,1, 1.0
1018,879466,879993,-1, 1.0
1019,879968,881152,1, 1.0
1020,881367,882788,-1, 1.0
1021,882897,883952,-1, 1.0
1022,883973,884227,-1, 1.0
1023,884216,884659,1, 1.0
1024,884709,885443,1, 1.0
1025,885463,886515,-1, 1.0
1026,886571,886924,-1, 1.0
1027,886939,887982,-1, 1.0
1028,887989,888171,1, 1.0
1029,888188,889105,1, 1.0
1030,889131,890591,1, 1.0
1031,890595,891578,1, 1.0
1032,891762,892079,1, 1.0
1033,892101,893039,1, 1.0
1034,893041,893874,1, 1.0
1035,893891,894244,-1, 1.0
1036,894265,894678,-1, 1.0
1037,894799,895185,-1, 1.0
1038,895182,896474,-1, 1.0
1039,896484,896939,-1, 1.0
1040,896953,898989,1, 1.0
1041,899088,899975,-1, 1.0
1042,899990,900349,-1, 1.0
1043,900350,901009,-1, 1.0
1044,901061,901330,-1, 1.0
1045,901340,901786,-1, 1.0
1046,901788,905285,1, 1.0
1047,905364,906818,1, 1.0
1048,906851,907093,1, 1.0
1049,907197,908483,1, 1.0
1050,908496,908888,1, 1.0
1051,909317,910459,1, 1.0
1052,910472,911503,1, 1.0
1053,911533,911829,1, 1.0
1054,911909,913654,-1, 1.0
1055,913686,914414,-1, 1.0
1056,914516,914674,1, 1.0
1057,914736,915536,1, 1.0
1058,915626,915904,-1, 1.0
1059,915907,916041,1, 1.0
1060,916071,916196,1, 1.0
1061,916287,916514,1, 1.0
1062,916593,917549,1, 1.0
1063,917546,918349,1, 1.0
1064,918353,920110,1, 1.0
1065,920161,921387,-1, 1.0
1066,921384,923093,1, 1.0
1067,923099,923419,1, 1.0
1068,923422,923724,1, 1.0
1069,923785,924678,1, 1.0
1070,924726,925190,-1, 1.0
1071,925168,925854,-1, 1.0
1072,925858,926463,-1, 1.0
1073,926568,927887,-1, 1.0
1074,927975,929123,-1, 1.0
1075,929123,930259,-1, 1.0
1076,930252,931007,-1, 1.0
1077,931010,931720,-1, 1.0
1078,931750,931929,1, 1.0
1079,932055,932171,1, 1.0
1080,932184,932354,1, 1.0
1081,932754,932927,-1, 1.0
1082,932990,933385,-1, 1.0
1083,933470,934459,-1, 1.0
1084,934460,935251,-1, 1.0
1085,935248,936042,-1, 1.0
1086,936046,936312,1, 1.0
1087,936312,936539,1, 1.0
1088,937028,937840,1, 1.0
1089,937978,938319,-1, 1.0
1090,938405,938599,1, 1.0
1091,938610,939011,1, 1.0
1092,939188,939409,-1, 1.0
1093,939444,939668,-1, 1.0
1094,939892,940395,-1, 1.0
1095,940471,940656,-1, 1.0
1096,940658,941053,-1, 1.0
1097,941050,941514,-1, 1.0
1098,941604,941780,-1, 1.0
1099,941919,942251,1, 1.0
1100,942772,943377,-1, 1.0
1101,943361,944524,1, 1.0
1102,944530,945357,1, 1.0
1103,945804,946208,-1, 1.0
1104,946213,946911,1, 1.0
1105,946932,947393,-1, 1.0
1106,947410,947727,-1, 1.0
1107,947821,947976,-1, 1.0
1108,948065,948382,-1, 1.0
1109,948408,948581,-1, 1.0
1110,948650,948766,-1, 1.0
1111,948798,949064,1, 1.0
1112,949170,949307,1, 1.0
1113,949471,949908,-1, 1.0
1114,950017,950202,-1, 1.0
1115,950246,950551,-1, 1.0
1116,950696,951412,-1, 1.0
1117,951678,951848,-1, 1.0
1118,951919,954528,-1, 1.0
1119,954537,954773,1, 1.0
1120,954934,955131,-1, 1.0
1121,955148,955345,1, 1.0
1122,955448,956620,1, 1.0
1123,956638,956880,1, 1.0
1124,956998,957510,-1, 1.0
1125,957628,958299,1, 1.0
1126,958348,958740,1, 1.0
1127,958857,959915,-1, 1.0
1128,959934,960188,-1, 1.0
1129,960222,960386,1, 1.0
1130,960431,960676,1, 1.0
1131,960774,961010,1, 1.0
1132,961124,961537,-1, 1.0
1133,961592,961792,-1, 1.0
1134,961832,962083,-1, 1.0
1135,962101,962973,-1, 1.0
1136,962979,963383,1, 1.0
1137,963498,963626,-1, 1.0
1138,963752,964045,-1, 1.0
1139,964053,964595,1, 1.0
1140,964673,964957,-1, 1.0
1141,965124,965303,-1, 1.0
1142,965317,965487,1, 1.0
1143,965579,965710,1, 1.0
1144,965803,966105,1, 1.0
1145,966230,966409,1, 1.0
1146,966541,966648,-1, 1.0
1147,966656,966838,-1, 1.0
1148,966927,967682,-1, 1.0
1149,967818,968132,-1, 1.0
1150,968149,968310,1, 1.0
1151,968405,968758,1, 1.0
1152,968937,969140,-1, 1.0
1153,969230,969331,-1, 1.0
1154,969422,969673,-1, 1.0
1155,969677,969946,-1, 1.0
1156,969954,970361,-1, 1.0
1157,970403,970519,-1, 1.0
1158,970557,970763,1, 1.0
1159,970847,971134,1, 1.0
1160,971277,971672,1, 1.0
1161,971799,972089,-1, 1.0
1162,972906,973154,-1, 1.0
1163,973248,973394,-1, 1.0
1164,973403,974191,1, 1.0
1165,974248,974643,-1, 1.0
1166,974679,975428,1, 1.0
1167,975567,976988,-1, 1.0
1168,977075,978433,-1, 1.0
1169,978421,979494,-1, 1.0
1170,979511,979684,1, 1.0
1171,980301,980444,-1, 1.0
1172,980573,980899,-1, 1.0
1173,980848,981120,1, 1.0
1174,981111,981347,1, 1.0
1175,981474,982919,-1, 1.0
1176,982921,983877,-1, 1.0
1177,983874,984734,-1, 1.0
1178,984821,985405,-1, 1.0
1179,985489,986007,-1, 1.0
1180,986019,986378,1, 1.0
1181,986582,987580,1, 1.0
1182,987583,987861,-1, 1.0
1183,987882,989111,1, 1.0
1184,989114,990676,-1, 1.0
1185,990673,991695,1, 1.0
1186,991688,993259,1, 1.0
1187,993281,993541,1, 1.0
1188,993604,994905,1, 1.0
1189,994941,995366,1, 1.0
1190,995404,995961,1, 1.0
1191,995971,996444,1, 1.0
1192,996449,997537,1, 1.0
1193,997801,998544,1, 1.0
1194,998550,998954,1, 1.0
1195,998989,999108,-1, 1.0
1196,999094,999681,1, 1.0
1197,999697,1000314,1, 1.0
1198,1000324,1000647,1, 1.0
1199,1000856,1002088,1, 1.0
1200,1002199,1004802,-1, 1.0
1201,1004827,1006038,-1, 1.0
1202,1006044,1007627,1, 1.0
1203,1007864,1009504,-1, 1.0
1204,1009595,1009987,-1, 1.0
1205,1009999,1011471,1, 1.0
1206,1011546,1012442,-1, 1.0
1207,1012480,1013382,-1, 1.0
1208,1013397,1013876,-1, 1.0
1209,1013873,1015267,1, 1.0
1210,1015278,1016579,1, 1.0
1211,1016587,1018110,1, 1.0
1212,1018224,1019336,1, 1.0
1213,1019519,1020055,-1, 1.0
1214,1020197,1021315,1, 1.0
1215,1021422,1021964,-1, 1.0
1216,1022033,1022473,-1, 1.0
1217,1022479,1023474,1, 1.0
1218,1023724,1025244,-1, 1.0
1219,1025260,1025748,1, 1.0
1220,1025858,1027516,1, 1.0
1221,1027581,1028978,-1, 1.0
1222,1028988,1029845,-1, 1.0
1223,1030010,1030909,1, 1.0
1224,1030915,1032009,1, 1.0
1225,1032024,1034552,1, 1.0
1226,1034738,1035172,1, 1.0
1227,1035266,1036639,-1, 1.0
1228,1036668,1037558,-1, 1.0
1229,1037562,1038380,-1, 1.0
1230,1038373,1039380,-1, 1.0
1231,1039377,1040309,-1, 1.0
1232,1040322,1040822,-1, 1.0
1233,1040819,1041700,1, 1.0
1234,1041721,1042320,1, 1.0
1235,1042426,1042983,-1, 1.0
1236,1043002,1044774,1, 1.0
1237,1044785,1045063,1, 1.0
1238,1045073,1046851,1, 1.0
1239,1046989,1048677,1, 1.0
1240,1048679,1052308,1, 1.0
1241,1052321,1052794,1, 1.0
1242,1052805,1055978,1, 1.0
1243,1055996,1056313,1, 1.0
1244,1056323,1057039,1, 1.0
1245,1057133,1057810,-1, 1.0
1246,1057810,1058373,-1, 1.0
1247,1058383,1058613,-1, 1.0
1248,1058617,1058940,-1, 1.0
1249,1058990,1059259,1, 1.0
1250,1059346,1060083,-1, 1.0
1251,1060080,1060586,1, 1.0
1252,1060599,1062200,1, 1.0
1253,1062157,1063569,1, 1.0
1254,1064501,1064608,-1, 1.0
1255,1065058,1066200,1, 1.0
1256,1066296,1068137,1, 1.0
1257,1068274,1069383,1, 1.0
1258,1070174,1070341,1, 1.0
1259,1070565,1070702,1, 1.0
1260,1070764,1071279,1, 1.0
1261,1071671,1072303,1, 1.0
1262,1072317,1072454,1, 1.0
1263,1072503,1072607,-1, 1.0
1264,1073083,1074558,1, 1.0
1265,1074807,1075076,1, 1.0
1266,1075531,1075623,1, 1.0
1267,1075636,1077651,1, 1.0
1268,1077697,1077921,-1, 1.0
1269,1078230,1078721,1, 1.0
1270,1079191,1079445,1, 1.0
1271,1079979,1080146,1, 1.0
1272,1080146,1080400,1, 1.0
1273,1080485,1080760,1, 1.0
1274,1080869,1081120,-1, 1.0
1275,1081207,1081401,-1, 1.0
1276,1081504,1081701,-1, 1.0
1277,1081709,1081888,-1, 1.0
1278,1082269,1083972,-1, 1.0
1279,1084027,1084449,1, 1.0
1280,1084505,1084666,1, 1.0
1281,1084749,1084931,1, 1.0
1282,1085062,1085352,-1, 1.0
1283,1085656,1085862,-1, 1.0
1284,1086220,1086435,1, 1.0
1285,1086493,1086744,1, 1.0
1286,1086747,1086932,1, 1.0
1287,1086978,1087274,1, 1.0
1288,1087644,1087772,-1, 1.0
1289,1087775,1087933,-1, 1.0
1290,1087955,1089046,1, 1.0
1291,1089194,1090255,-1, 1.0
1292,1090252,1093182,-1, 1.0
1293,1093207,1094685,-1, 1.0
1294,1094768,1095997,-1, 1.0
1295,1096003,1096332,-1, 1.0
1296,1096353,1097444,1, 1.0
1297,1097431,1098867,1, 1.0
1298,1098881,1099177,1, 1.0
1299,1099193,1100323,1, 1.0
1300,1100456,1101034,-1, 1.0
1301,1101190,1101426,-1, 1.0
1302,1101483,1102859,-1, 1.0
1303,1102876,1103142,1, 1.0
1304,1103247,1103459,1, 1.0
1305,1103512,1104474,1, 1.0
1306,1104533,1104631,1, 1.0
1307,1104668,1105690,-1, 1.0
1308,1105694,1106218,-1, 1.0
1309,1106215,1106748,1, 1.0
1310,1106871,1107428,1, 1.0
1311,1107613,1108689,-1, 1.0
1312,1108673,1110055,-1, 1.0
1313,1110098,1110724,1, 1.0
1314,1110791,1112320,-1, 1.0
1315,1112317,1112568,-1, 1.0
1316,1112581,1114389,1, 1.0
1317,1114500,1114628,-1, 1.0
1318,1114687,1115091,-1, 1.0
1319,1115463,1115684,-1, 1.0
1320,1116122,1117144,1, 1.0
1321,1117277,1118146,1, 1.0
1322,1118243,1118632,1, 1.0
1323,1118659,1118991,1, 1.0
1324,1118994,1119164,1, 1.0
1325,1119310,1119954,-1, 1.0
1326,1120064,1120309,-1, 1.0
1327,1120321,1120971,1, 1.0
1328,1121029,1121553,1, 1.0
1329,1121694,1122428,-1, 1.0
1330,1122428,1122700,-1, 1.0
1331,1122796,1123020,-1, 1.0
1332,1123129,1124007,-1, 1.0
1333,1124118,1124369,-1, 1.0
1334,1124366,1126171,1, 1.0
1335,1126168,1127262,1, 1.0
1336,1127292,1128206,1, 1.0
1337,1128287,1129096,-1, 1.0
1338,1129104,1129487,-1, 1.0
1339,1129556,1130128,-1, 1.0
1340,1130159,1130296,-1, 1.0
1341,1130307,1130696,-1, 1.0
1342,1130693,1131106,-1, 1.0
1343,1131179,1132318,-1, 1.0
1344,1132339,1133805,-1, 1.0
1345,1133930,1135204,-1, 1.0
1346,1135214,1136293,-1, 1.0
1347,1136374,1136661,-1, 1.0
1348,1136852,1139017,-1, 1.0
1349,1139010,1139921,1, 1.0
1350,1139925,1140788,-1, 1.0
1351,1140810,1141028,-1, 1.0
1352,1141032,1141688,1, 1.0
1353,1141786,1143243,-1, 1.0
1354,1143639,1145000,-1, 1.0
1355,1145324,1146697,1, 1.0
1356,1146830,1147942,1, 1.0
1357,1148064,1149017,1, 1.0
1358,1149095,1150144,1, 1.0
1359,1150171,1151022,1, 1.0
1360,1151041,1152123,1, 1.0
1361,1152143,1152910,1, 1.0
1362,1152958,1154157,1, 1.0
1363,1154292,1155683,1, 1.0
1364,1156082,1157035,1, 1.0
1365,1157069,1158142,1, 1.0
1366,1158248,1159339,1, 1.0
1367,1159390,1160415,1, 1.0
1368,1160596,1161762,-1, 1.0
1369,1161772,1162464,1, 1.0
1370,1162468,1163628,1, 1.0
1371,1163768,1164445,-1, 1.0
1372,1164442,1165665,-1, 1.0
1373,1165667,1166386,-1, 1.0
1374,1166389,1167000,-1, 1.0
1375,1167016,1168518,-1, 1.0
1376,1168587,1169534,-1, 1.0
1377,1169558,1170517,-1, 1.0
1378,1170519,1171619,-1, 1.0
1379,1171619,1172602,-1, 1.0
1380,1172611,1173759,-1, 1.0
1381,1174288,1175343,1, 1.0
1382,1175464,1177275,-1, 1.0
1383,1177267,1178316,1, 1.0
1384,1178446,1179423,1, 1.0
1385,1179882,1181048,-1, 1.0
1386,1181148,1182122,-1, 1.0
1387,1182125,1183054,-1, 1.0
1388,1183051,1183959,-1, 1.0
1389,1183956,1185212,-1, 1.0
1390,1185213,1186052,-1, 1.0
1391,1186069,1187100,-1, 1.0
1392,1187097,1187927,-1, 1.0
1393,1187931,1188848,-1, 1.0
1394,1188845,1189453,-1, 1.0
1395,1189454,1190461,-1, 1.0
1396,1190636,1192420,-1, 1.0
1397,1192421,1193092,-1, 1.0
1398,1193265,1193411,-1, 1.0
1399,1193591,1194439,-1, 1.0
1400,1194486,1195478,1, 1.0
1401,1195494,1196339,1, 1.0
1402,1196346,1196504,1, 1.0
1403,1196504,1196884,1, 1.0
1404,1196890,1198722,1, 1.0
1405,1198792,1199868,1, 1.0
1406,1200910,1201308,1, 1.0
1407,1201356,1202255,1, 1.0
1408,1202291,1202683,1, 1.0
1409,1202686,1204539,1, 1.0
1410,1205054,1205506,-1, 1.0
1411,1205503,1206240,-1, 1.0
1412,1206280,1207254,1, 1.0
1413,1207244,1208536,1, 1.0
1414,1209114,1209992,1, 1.0
1415,1210385,1211374,1, 1.0
1416,1211578,1212726,-1, 1.0
1417,1212737,1213846,-1, 1.0
1418,1213939,1214874,-1, 1.0
1419,1214864,1216288,-1, 1.0
1420,1216278,1216901,1, 1.0
1421,1216960,1217886,1, 1.0
1422,1217915,1219789,1, 1.0
1423,1219892,1220980,1, 1.0
1424,1220994,1221491,1, 1.0
1425,1221469,1221720,1, 1.0
1426,1221805,1223085,-1, 1.0
1427,1223093,1224001,1, 1.0
1428,1224073,1225080,1, 1.0
1429,1225148,1225957,-1, 1.0
1430,1225937,1226470,1, 1.0
1431,1226538,1227461,-1, 1.0
1432,1227470,1228525,-1, 1.0
1433,1228515,1228724,-1, 1.0
1434,1228837,1229004,-1, 1.0
1435,1229071,1229205,-1, 1.0
1436,1229209,1229865,1, 1.0
1437,1229862,1230308,1, 1.0
1438,1230305,1231528,1, 1.0
1439,1231529,1232440,1, 1.0
1440,1232480,1233007,-1, 1.0
1441,1233063,1233800,1, 1.0
1442,1233875,1234831,1, 1.0
1443,1234866,1235210,1, 1.0
1444,1235265,1236761,1, 1.0
1445,1236811,1238919,1, 1.0
1446,1239069,1240106,-1, 1.0
1447,1240108,1241049,1, 1.0
1448,1241190,1242755,1, 1.0
1449,1242801,1243973,-1, 1.0
1450,1243947,1245437,1, 1.0
1451,1245526,1246098,-1, 1.0
1452,1246173,1246643,-1, 1.0
1453,1246730,1246996,-1, 1.0
1454,1246993,1247661,1, 1.0
1455,1247716,1248603,1, 1.0
1456,1248616,1250055,1, 1.0
1457,1250052,1250780,1, 1.0
1458,1251103,1252476,-1, 1.0
1459,1252592,1252711,1, 1.0
1460,1254268,1255500,-1, 1.0
1461,1255497,1256852,1, 1.0
1462,1256891,1258126,1, 1.0
1463,1258409,1259803,-1, 1.0
1464,1259813,1260880,-1, 1.0
1465,1260892,1261302,-1, 1.0
1466,1261338,1262024,-1, 1.0
1467,1262202,1263317,-1, 1.0
1468,1263472,1264245,-1, 1.0
1469,1264238,1265461,1, 1.0
1470,1265560,1266669,-1, 1.0
1471,1266710,1267372,-1, 1.0
1472,1267406,1268011,-1, 1.0
1473,1268128,1269117,-1, 1.0
1474,1269105,1270118,-1, 1.0
1475,1270176,1270442,-1, 1.0
1476,1270445,1270657,-1, 1.0
1477,1270652,1270909,1, 1.0
1478,1270969,1271214,1, 1.0
1479,1271269,1271598,1, 1.0
1480,1271727,1272002,1, 1.0
1481,1272635,1274668,-1, 1.0
1482,1274802,1276199,-1, 1.0
1483,1276209,1276964,-1, 1.0
1484,1276969,1277373,-1, 1.0
1485,1277408,1278418,-1, 1.0
1486,1278424,1279020,-1, 1.0
1487,1279010,1279729,1, 1.0
1488,1279736,1280974,1, 1.0
1489,1280996,1281319,1, 1.0
1490,1281470,1282081,-1, 1.0
1491,1282104,1283579,-1, 1.0
1492,1283592,1284194,1, 1.0
1493,1284211,1285389,1, 1.0
1494,1285386,1286216,1, 1.0
1495,1286221,1286679,1, 1.0
1496,1286697,1287533,1, 1.0
1497,1287534,1289675,1, 1.0
1498,1289714,1290442,1, 1.0
1499,1290576,1291913,-1, 1.0
1500,1291914,1293983,-1, 1.0
1501,1293980,1295509,1, 1.0
1502,1295572,1295895,1, 1.0
1503,1296041,1296481,-1, 1.0
1504,1296491,1296751,-1, 1.0
1505,1296748,1297485,1, 1.0
1506,1297563,1298480,-1, 1.0
1507,1298485,1299678,1, 1.0
1508,1299765,1300703,-1, 1.0
1509,1300781,1301341,-1, 1.0
1510,1301351,1301716,1, 1.0
1511,1301798,1302097,1, 1.0
1512,1302241,1303143,1, 1.0
1513,1303160,1304746,1, 1.0
1514,1304864,1305415,-1, 1.0
1515,1305416,1306207,-1, 1.0
1516,1306399,1307022,-1, 1.0
1517,1307009,1307560,-1, 1.0
1518,1307636,1307803,-1, 1.0
1519,1307800,1308360,1, 1.0
1520,1308515,1309654,1, 1.0
1521,1309840,1310769,-1, 1.0
1522,1310764,1311030,1, 1.0
1523,1311035,1311172,1, 1.0
1524,1311169,1311303,1, 1.0
1525,1311303,1311551,1, 1.0
1526,1311601,1313022,-1, 1.0
1527,1313124,1313438,-1, 1.0
1528,1313442,1314173,1, 1.0
1529,1314269,1314397,1, 1.0
1530,1314462,1314998,1, 1.0
1531,1315009,1315494,1, 1.0
1532,1315582,1316334,1, 1.0
1533,1316420,1317664,1, 1.0
1534,1317859,1318095,-1, 1.0
1535,1318653,1319528,-1, 1.0
1536,1319555,1319722,-1, 1.0
1537,1319724,1319858,1, 1.0
1538,1319982,1320257,-1, 1.0
1539,1320346,1320516,-1, 1.0
1540,1320587,1320766,1, 1.0
1541,1321009,1321188,-1, 1.0
1542,1321721,1321885,-1, 1.0
1543,1321972,1322307,-1, 1.0
1544,1322610,1322954,1, 1.0
1545,1323170,1323391,-1, 1.0
1546,1323531,1323686,-1, 1.0
1547,1323841,1324119,-1, 1.0
1548,1324267,1325262,-1, 1.0
1549,1325388,1326494,-1, 1.0
1550,1326498,1326680,1, 1.0
1551,1326778,1326984,-1, 1.0
1552,1327194,1327352,-1, 1.0
1553,1327345,1327494,-1, 1.0
1554,1327594,1328478,-1, 1.0
1555,1328782,1328907,1, 1.0
1556,1329124,1329255,-1, 1.0
1557,1329368,1330045,-1, 1.0
1558,1330099,1330737,-1, 1.0
1559,1330836,1330967,-1, 1.0
1560,1331162,1332340,-1, 1.0
1561,1332429,1332617,-1, 1.0
1562,1332577,1332693,-1, 1.0
1563,1332751,1333374,1, 1.0
1564,1334314,1334448,-1, 1.0
1565,1334613,1334720,-1, 1.0
1566,1334720,1334860,-1, 1.0
1567,1335037,1335156,-1, 1.0
1568,1336185,1336289,1, 1.0
1569,1337265,1338467,-1, 1.0
1570,1338998,1339198,-1, 1.0
1571,1339254,1339835,1, 1.0
1572,1339931,1340563,-1, 1.0
1573,1340672,1340815,1, 1.0
1574,1341057,1341164,1, 1.0
1575,1341464,1341688,-1, 1.0
1576,1341783,1342076,-1, 1.0
1577,1342139,1342618,1, 1.0
1578,1342680,1342772,1, 1.0
1579,1342763,1342903,1, 1.0
1580,1343103,1343234,-1, 1.0
1581,1343227,1343490,-1, 1.0
1582,1343666,1343791,1, 1.0
1583,1344028,1344420,1, 1.0
1584,1344661,1344840,1, 1.0
1585,1344939,1345067,1, 1.0
1586,1345098,1345358,1, 1.0
1587,1345358,1345567,1, 1.0
1588,1345567,1345674,1, 1.0
1589,1345833,1345961,-1, 1.0
1590,1345962,1346075,-1, 1.0
1591,1346108,1346626,1, 1.0
1592,1347131,1347412,-1, 1.0
1593,1347474,1347623,-1, 1.0
1594,1347829,1348188,-1, 1.0
1595,1348681,1348830,1, 1.0
1596,1349117,1349317,-1, 1.0
1597,1349355,1349756,1, 1.0
1598,1350213,1350368,1, 1.0
1599,1350757,1350987,1, 1.0
1600,1351144,1351515,1, 1.0
1601,1351516,1351803,1, 1.0
1602,1351804,1352031,1, 1.0
1603,1352091,1352438,1, 1.0
1604,1352535,1353047,1, 1.0
1605,1353048,1353278,1, 1.0
1606,1353269,1353433,1, 1.0
1607,1353430,1353663,1, 1.0
1608,1353765,1353932,1, 1.0
1609,1354030,1354287,-1, 1.0
1610,1354331,1354441,1, 1.0
1611,1354682,1355110,-1, 1.0
1612,1355182,1355490,-1, 1.0
1613,1355592,1355930,-1, 1.0
1614,1355995,1356975,-1, 1.0
1615,1357735,1359819,-1, 1.0
1616,1360431,1360814,-1, 1.0
1617,1361026,1361424,-1, 1.0
1618,1361504,1361908,-1, 1.0
1619,1361905,1362117,-1, 1.0
1620,1362259,1362519,1, 1.0
1621,1362520,1362888,1, 1.0
1622,1362872,1363408,1, 1.0
1623,1363451,1363903,1, 1.0
1624,1363908,1364150,1, 1.0
1625,1364592,1364789,-1, 1.0
1626,1364812,1365033,1, 1.0
1627,1365186,1366526,-1, 1.0
1628,1366747,1367064,-1, 1.0
1629,1367703,1368140,-1, 1.0
1630,1368154,1368405,1, 1.0
1631,1368721,1369092,1, 1.0
1632,1369095,1369331,1, 1.0
1633,1369433,1370998,-1, 1.0
1634,1370995,1371537,1, 1.0
1635,1371677,1373299,-1, 1.0
1636,1373325,1373549,-1, 1.0
1637,1373640,1375274,1, 1.0
1638,1375326,1375637,1, 1.0
1639,1375858,1377318,-1, 1.0
1640,1377367,1377771,-1, 1.0
1641,1377775,1378251,1, 1.0
1642,1378360,1378518,1, 1.0
1643,1378576,1379901,1, 1.0
1644,1379976,1380953,-1, 1.0
1645,1380992,1382197,-1, 1.0
1646,1382194,1382775,-1, 1.0
1647,1382780,1384477,-1, 1.0
1648,1384483,1385541,1, 1.0
1649,1385546,1385755,1, 1.0
1650,1385752,1386078,1, 1.0
1651,1386093,1387043,1, 1.0
1652,1387064,1388581,1, 1.0
1653,1388613,1389155,1, 1.0
1654,1389155,1389667,1, 1.0
1655,1389664,1390125,1, 1.0
1656,1390194,1390439,1, 1.0
1657,1390606,1391331,1, 1.0
1658,1391377,1391856,1, 1.0
1659,1392124,1393353,-1, 1.0
1660,1393437,1394093,-1, 1.0
1661,1394094,1395380,-1, 1.0
1662,1395377,1395787,1, 1.0
1663,1395967,1396212,-1, 1.0
1664,1396237,1396575,-1, 1.0
1665,1396576,1397388,1, 1.0
1666,1397682,1398977,-1, 1.0
1667,1399018,1400403,-1, 1.0
1668,1400415,1403141,1, 1.0
1669,1403281,1404426,-1, 1.0
1670,1404423,1405139,-1, 1.0
1671,1405129,1405887,-1, 1.0
1672,1405884,1406546,-1, 1.0
1673,1406550,1407851,-1, 1.0
1674,1407861,1408118,1, 1.0
1675,1408136,1408582,1, 1.0
1676,1408674,1409393,-1, 1.0
1677,1409390,1410589,1, 1.0
1678,1410596,1410961,1, 1.0
1679,1410965,1411357,1, 1.0
1680,1411344,1411559,1, 1.0
1681,1411678,1412448,1, 1.0
1682,1412664,1413710,1, 1.0
1683,1413741,1413893,1, 1.0
1684,1413943,1418043,1, 1.0
1685,1418077,1419981,1, 1.0
1686,1420020,1423313,1, 1.0
1687,1423552,1424346,1, 1.0
1688,1424353,1424646,1, 1.0
1689,1424769,1426055,-1, 1.0
1690,1426052,1426765,1, 1.0
1691,1426813,1427955,1, 1.0
1692,1428101,1428568,-1, 1.0
1693,1428605,1430008,-1, 1.0
1694,1430005,1430265,-1, 1.0
1695,1430338,1433847,-1, 1.0
1696,1433852,1434091,1, 1.0
1697,1434244,1435791,-1, 1.0
1698,1435827,1436918,-1, 1.0
1699,1437023,1438642,-1, 1.0
1700,1438677,1439033,1, 1.0
1701,1439033,1440259,1, 1.0
1702,1440558,1442375,-1, 1.0
1703,1442320,1442949,-1, 1.0
1704,1442935,1443453,1, 1.0
1705,1443506,1444351,-1, 1.0
1706,1444352,1445287,1, 1.0
1707,1445288,1445944,1, 1.0
1708,1446000,1446320,1, 1.0
1709,1446430,1447629,1, 1.0
1710,1447673,1449748,1, 1.0
1711,1449853,1450323,1, 1.0
1712,1450350,1450727,1, 1.0
1713,1450922,1455487,-1, 1.0
1714,1455497,1455790,-1, 1.0
1715,1455800,1456732,1, 1.0
1716,1456993,1457679,-1, 1.0
1717,1457663,1457893,-1, 1.0
1718,1457896,1458768,1, 1.0
1719,1458799,1459554,-1, 1.0
1720,1459606,1460205,1, 1.0
1721,1460441,1460827,-1, 1.0
1722,1460832,1461794,1, 1.0
1723,1461905,1464133,1, 1.0
1724,1464162,1466465,1, 1.0
1725,1466807,1468627,-1, 1.0
1726,1468725,1469528,-1, 1.0
1727,1469701,1470888,1, 1.0
1728,1470918,1471475,-1, 1.0
1729,1471482,1472576,1, 1.0
1730,1472611,1472871,1, 1.0
1731,1472885,1473295,1, 1.0
1732,1473305,1473736,1, 1.0
1733,1473853,1474659,1, 1.0
1734,1474697,1475047,1, 1.0
1735,1475063,1476001,1, 1.0
1736,1476048,1476440,1, 1.0
1737,1476489,1476854,1, 1.0
1738,1477055,1477609,1, 1.0
1739,1477609,1478928,1, 1.0
1740,1478959,1479417,1, 1.0
1741,1479422,1480042,1, 1.0
1742,1480058,1480426,1, 1.0
1743,1480441,1480980,1, 1.0
1744,1480993,1481394,1, 1.0
1745,1481405,1481941,1, 1.0
1746,1482017,1482328,1, 1.0
1747,1482374,1482739,1, 1.0
1748,1482736,1483002,1, 1.0
1749,1483011,1483229,1, 1.0
1750,1483226,1483708,1, 1.0
1751,1483720,1484451,1, 1.0
1752,1484451,1484837,1, 1.0
1753,1484838,1485113,1, 1.0
1754,1485158,1486021,1, 1.0
1755,1486034,1486336,1, 1.0
1756,1486333,1486965,1, 1.0
1757,1486962,1487696,1, 1.0
1758,1487908,1488378,-1, 1.0
1759,1488368,1489378,-1, 1.0
1760,1489572,1490348,-1, 1.0
1761,1490458,1491570,-1, 1.0
1762,1491573,1491818,1, 1.0
1763,1491846,1493294,1, 1.0
1764,1493388,1494227,-1, 1.0
1765,1494234,1495739,1, 1.0
1766,1495744,1496622,-1, 1.0
1767,1496630,1496995,1, 1.0
1768,1497283,1498431,-1, 1.0
1769,1498446,1499606,1, 1.0
1770,1499717,1500541,-1, 1.0
1771,1500557,1500985,1, 1.0
1772,1501038,1501928,1, 1.0
1773,1502288,1502734,1, 1.0
1774,1502738,1505707,1, 1.0
1775,1505761,1506879,1, 1.0
1776,1506880,1508400,1, 1.0
1777,1508460,1508882,1, 1.0
1778,1508995,1510362,1, 1.0
1779,1510359,1511630,1, 1.0
1780,1511636,1512703,1, 1.0
1781,1512865,1513893,-1, 1.0
1782,1513923,1514483,1, 1.0
1783,1514652,1515293,-1, 1.0
1784,1515294,1515560,1, 1.0
1785,1517250,1517411,1, 1.0
1786,1517428,1518042,1, 1.0
1787,1518177,1519220,1, 1.0
1788,1519318,1520850,-1, 1.0
1789,1520852,1521325,1, 1.0
1790,1521347,1522120,1, 1.0
1791,1522121,1522831,1, 1.0
1792,1522837,1523547,1, 1.0
1793,1523605,1524069,1, 1.0
1794,1524255,1525679,-1, 1.0
1795,1525676,1527034,1, 1.0
1796,1527047,1527934,1, 1.0
1797,1527912,1528817,1, 1.0
1798,1528860,1530227,1, 1.0
1799,1530393,1532927,-1, 1.0
1800,1533406,1533720,1, 1.0
1801,1534329,1535078,-1, 1.0
1802,1535083,1535268,1, 1.0
1803,1535291,1535830,-1, 1.0
1804,1535851,1537746,1, 1.0
1805,1537828,1538073,1, 1.0
1806,1538208,1538450,-1, 1.0
1807,1538457,1539701,-1, 1.0
1808,1539744,1541750,-1, 1.0
1809,1541758,1543128,1, 1.0
1810,1543322,1543537,1, 1.0
1811,1543556,1544716,1, 1.0
1812,1544720,1545508,1, 1.0
1813,1545495,1546553,1, 1.0
1814,1546573,1547100,-1, 1.0
1815,1547126,1547377,1, 1.0
1816,1547405,1548943,1, 1.0
1817,1548994,1549740,1, 1.0
1818,1549913,1550452,1, 1.0
1819,1550453,1551202,1, 1.0
1820,1551207,1552259,1, 1.0
1821,1552392,1552763,-1, 1.0
1822,1552760,1553419,1, 1.0
1823,1553422,1554840,1, 1.0
1824,1554890,1555327,-1, 1.0
1825,1555285,1556283,1, 1.0
1826,1556373,1557287,-1, 1.0
1827,1557272,1558273,1, 1.0
1828,1558374,1559783,1, 1.0
1829,1559826,1560155,1, 1.0
1830,1560152,1560523,1, 1.0
1831,1560527,1560856,1, 1.0
1832,1560853,1562820,1, 1.0
1833,1562973,1563872,-1, 1.0
1834,1563924,1564496,-1, 1.0
1835,1564595,1565566,-1, 1.0
1836,1565573,1566307,-1, 1.0
1837,1566315,1569146,1, 1.0
1838,1569324,1569779,-1, 1.0
1839,1569781,1570173,1, 1.0
1840,1570206,1570637,1, 1.0
1841,1570887,1571363,1, 1.0
1842,1571412,1571609,1, 1.0
1843,1571753,1574500,-1, 1.0
1844,1574530,1575153,1, 1.0
1845,1575216,1576217,-1, 1.0
1846,1576257,1578017,-1, 1.0
1847,1578026,1580065,1, 1.0
1848,1580095,1580904,1, 1.0
1849,1580957,1581967,-1, 1.0
1850,1581964,1583967,1, 1.0
1851,1584044,1584952,1, 1.0
1852,1584949,1585980,1, 1.0
1853,1586108,1587529,-1, 1.0
1854,1587595,1588242,-1, 1.0
1855,1588346,1589713,-1, 1.0
1856,1589771,1591510,-1, 1.0
1857,1591512,1592813,1, 1.0
1858,1592842,1594380,1, 1.0
1859,1594472,1594669,-1, 1.0
1860,1594700,1595047,-1, 1.0
1861,1595086,1595643,-1, 1.0
1862,1595645,1596442,-1, 1.0
1863,1596609,1597802,-1, 1.0
1864,1597831,1598964,-1, 1.0
1865,1598976,1599227,1, 1.0
1866,1599361,1602270,1, 1.0
1867,1602317,1602706,1, 1.0
1868,1602715,1604004,1, 1.0
1869,1604009,1604716,1, 1.0
1870,1604745,1605731,-1, 1.0
1871,1605752,1606207,-1, 1.0
1872,1606266,1607648,-1, 1.0
1873,1607660,1609624,-1, 1.0
1874,1609631,1610275,-1, 1.0
1875,1610228,1610797,1, 1.0
1876,1610883,1611410,1, 1.0
1877,1611496,1611915,-1, 1.0
1878,1611933,1613264,-1, 1.0
1879,1613393,1613545,-1, 1.0
1880,1613535,1614146,1, 1.0
1881,1614148,1616904,1, 1.0
1882,1616997,1617329,1, 1.0
1883,1617516,1618370,-1, 1.0
1884,1618367,1619218,-1, 1.0
1885,1619220,1620104,-1, 1.0
1886,1620155,1621267,-1, 1.0
1887,1621326,1623122,-1, 1.0
1888,1623197,1624807,-1, 1.0
1889,1624835,1625506,-1, 1.0
1890,1625512,1626186,-1, 1.0
1891,1626176,1627495,-1, 1.0
1892,1627492,1628319,-1, 1.0
1893,1628322,1629095,1, 1.0
1894,1629153,1630403,-1, 1.0
1895,1630422,1632509,-1, 1.0
1896,1632707,1633726,-1, 1.0
1897,1633735,1634376,-1, 1.0
1898,1634378,1635445,1, 1.0
1899,1635543,1638116,-1, 1.0
1900,1638126,1639484,-1, 1.0
1901,1639494,1640348,1, 1.0
1902,1640397,1641479,-1, 1.0
1903,1641476,1643380,1, 1.0
1904,1643498,1644355,-1, 1.0
1905,1644465,1644929,-1, 1.0
1906,1644933,1646147,1, 1.0
1907,1646323,1646469,-1, 1.0
1908,1646439,1646717,-1, 1.0
1909,1646698,1647777,-1, 1.0
1910,1647788,1648051,-1, 1.0
1911,1647967,1649373,1, 1.0
1912,1649575,1652475,1, 1.0
1913,1652530,1654227,1, 1.0
1914,1654279,1656135,-1, 1.0
1915,1656136,1656711,-1, 1.0
1916,1656714,1657817,-1, 1.0
