0             1             1             1             1             1.00099924476257            1.00099924476257            1.00099924476257            1             1
328725        1             1             1             1             1.00099924476257            1.00099924476257            1.00099924476257            1             1
693975        1             1             1             1             1.00099924476257            1.00099924476257            1.00099924476257            1             1
1059225       1             1             1             1             1.00099924476257            1.00099924476257            1.00099924476257            1             1
1424475       1             1             1             1             1.00099924476257            1.00099924476257            1.00099924476257            1             1
1789725       1             1             1             1             1.00099924476257            1.00099924476257            1.00099924476257            1             1
2154975       1             1             1             1             1.00099924476257            1.00099924476257            1.00099924476257            1             1
2520225       1             1             1             1             1.00099924476257            1.00099924476257            1.00099924476257            1             1
2885475       1             1             1             1             1.00099924476257            1.00099924476257            1.00099924476257            1             1
3250725       1             1             1             1             1.00099924476257            1.00099924476257            1.00099924476257            1             1
3615975       1             1             1             1             1.00099924476257            1.00099924476257            1.00099924476257            1             1
3981225       1             1             1             1             1.00099924476257            1.00099924476257            1.00099924476257            1             1
4346475       1             1             1             1             1.00099924476257            1.00099924476257            1.00099924476257            1             1
4711725       1             1             1             1             1.00099924476257            1.00099924476257            1.00099924476257            1             1
5076975       1             1             1             1             1.00099924476257            1.00099924476257            1.00099924476257            1             1
5442225       1             1             1             1             1.00099924476257            1.00099924476257            1.00099924476257            1             1
5807475       1             1             1             1             1.00099924476257            1.00099924476257            1.00099924476257            1             1
6172725       1             1             1             1             1.00099924476257            1.00099924476257            1.00099924476257            1             1
6537975       1             1             1             1             1.00099924476257            1.00099924476257            1.00099924476257            1             1
6903225       1             1             1             1             1.00099924476257            1.00099924476257            1.00099924476257            1             1
7268475       1             1             1             1             1.00099924476257            1.00099924476257            1.00099924476257            1             1
7633725       1             1             1             1             1.00099924476257            1.00099924476257            1.00099924476257            1             1
7998975       1             1             1             1             1.00099924476257            1.00099924476257            1.00099924476257            1             1
8364225       1             1             1             1             1.00099924476257            1.00099924476257            1.00099924476257            1             1
8729475       1             1             1             1             1.00099924476257            1.00099924476257            1.00099924476257            1             1
9094725       1             1             1             1             1.00099924476257            1.00099924476257            1.00099924476257            1             1
9459975       1             1             1             1             1.00099924476257            1.00099924476257            1.00099924476257            1             1
9825225       1             1             1             1             1.00099924476257            1.00099924476257            1.00099924476257            1             1
10190475      1             1             1             1             1.00099924476257            1.00099924476257            1.00099924476257            1             1
10555725      1             1             1             1             1.00099924476257            1.00099924476257            1.00099924476257            1             1
10920975      1             1             1             1             1.00099924476257            1.00099924476257            1.00099924476257            1             1
11286225      1             1             1             1             1.00099924476257            1.00099924476257            1.00099924476257            1             1
11651475      1             1             1             1             1.00099924476257            1.00099924476257            1.00099924476257            1             1
12016725      1             1             1             1             1.00099924476257            1.00099924476257            1.00099924476257            1             1
12381975      1             1             1             1             1.00099924476257            1.00099924476257            1.00099924476257            1             1
12747225      1             1             1             1             1.00099924476257            1.00099924476257            1.00099924476257            1             1
13112475      1             1             1             1             1.00099924476257            1.00099924476257            1.00099924476257            1             1
13477725      1             1             1             1             1.00099924476257            1.00099924476257            1.00099924476257            1             1
13842975      1             1             1             1             1.00099924476257            1.00099924476257            1.00099924476257            1             1
14208225      1             1             1             1             1.00099924476257            1.00099924476257            1.00099924476257            1             1
14573475      1             1             1             1             1.00099924476257            1.00099924476257            1.00099924476257            1             1
14938725      1             1             1             1             1.00099924476257            1.00099924476257            1.00099924476257            1             1
15303975      1             1             1             1             1.00099924476257            1.00099924476257            1.00099924476257            1             1
15669225      1             1             1             1             1.00099924476257            1.00099924476257            1.00099924476257            1             1
16034475      1             1             1             1             1.00099924476257            1.00099924476257            1.00099924476257            1             1
16399725      1             1             1             1             1.00099924476257            1.00099924476257            1.00099924476257            1             1
16764975      1             1             1             1             1.00099924476257            1.00099924476257            1.00099924476257            1             1
17130225      1             1             1             1             1.00099924476257            1.00099924476257            1.00099924476257            1             1
17495475      1             1             1             1             1.00099924476257            1.00099924476257            1.00099924476257            1             1
17860725      1             1             1             1             1.00099924476257            1.00099924476257            1.00099924476257            1             1
18225975      1             1             1             1             1.00099924476257            1.00099924476257            1.00099924476257            1             1
18591225      1             1             1             1             1.00099924476257            1.00099924476257            1.00099924476257            1             1
18956475      1             1             1             1             1.00099924476257            1.00099924476257            1.00099924476257            1             1
19321725      1             1             1             1             1.00099924476257            1.00099924476257            1.00099924476257            1             1
19686975      1             1             1             1             1.00099924476257            1.00099924476257            1.00099924476257            1             1
20052225      1             1             1             1             1.00099924476257            1.00099924476257            1.00099924476257            1             1
20417475      1             1             1             1             1.00099924476257            1.00099924476257            1.00099924476257            1             1
20782725      1             1             1             1             1.00099924476257            1.00099924476257            1.00099924476257            1             1
21147975      1             1             1             1             1.00099924476257            1.00099924476257            1.00099924476257            1             1
21513225      1             1             1             1             1.00099924476257            1.00099924476257            1.00099924476257            1             1
21878475      1             1             1             1             1.00099924476257            1.00099924476257            1.00099924476257            1             1
22243725      1             1             1             1             1.00099924476257            1.00099924476257            1.00099924476257            1             1
22608975      1             1             1             1             1.00099924476257            1.00099924476257            1.00099924476257            1             1
22974225      1             1             1             1             1.00099924476257            1.00099924476257            1.00099924476257            1             1
23339475      1             1             1             1             1.00099924476257            1.00099924476257            1.00099924476257            1             1
23704725      1             1             1             1             1.00099924476257            1.00099924476257            1.00099924476257            1             1
24069975      1             1             1             1             1.00099924476257            1.00099924476257            1.00099924476257            1             1
24435225      1             1             1             1             1.00099924476257            1.00099924476257            1.00099924476257            1             1
24800475      1             1             1             1             1.00099924476257            1.00099924476257            1.00099924476257            1             1
25165725      1             1             1             1             1.00099924476257            1.00099924476257            1.00099924476257            1             1
25530975      1             1             1             1             1.00099924476257            1.00099924476257            1.00099924476257            1             1
25896225      1             1             1             1             1.00099924476257            1.00099924476257            1.00099924476257            1             1
26261475      1             1             1             1             1.00099924476257            1.00099924476257            1.00099924476257            1             1
26626725      1             1             1             1             1.00099924476257            1.00099924476257            1.00099924476257            1             1
26991975      1             1             1             1             1.00099924476257            1.00099924476257            1.00099924476257            1             1
27357225      1             1             1             1             1.00099924476257            1.00099924476257            1.00099924476257            1             1
27722475      1             1             1             1             1.00099924476257            1.00099924476257            1.00099924476257            1             1
28087725      1             1             1             1             1.00099924476257            1.00099924476257            1.00099924476257            1             1
28452975      1             1             1             1             1.00099924476257            1.00099924476257            1.00099924476257            1             1
28818225      1             1             1             1             1.00099924476257            1.00099924476257            1.00099924476257            1             1
29183475      1             1             1             1             1.00099924476257            1.00099924476257            1.00099924476257            1             1
29548725      1             1             1             1             1.00099924476257            1.00099924476257            1.00099924476257            1             1
29913975      1             1             1             1             1.00099924476257            1.00099924476257            1.00099924476257            1             1
30279225      1             1             1             1             1.00099924476257            1.00099924476257            1.00099924476257            1             1
30644475      1             1             1             1             1.00099924476257            1.00099924476257            1.00099924476257            1             1
31009725      1             1             1             1             1.00099924476257            1.00099924476257            1.00099924476257            1             1
31374975      1             1             1             1             1.00099924476257            1.00099924476257            1.00099924476257            1             1
31740225      1             1             1             1             1.00099924476257            1.00099924476257            1.00099924476257            1             1
32105475      1             1             1             1             1.00099924476257            1.00099924476257            1.00099924476257            1             1
32470725      1             1             1             1             1.00099924476257            1.00099924476257            1.00099924476257            1             1
32835975      1             1             1             1             1.00099924476257            1.00099924476257            1.00099924476257            1             1
33201225      1             1             1             1             1.00099924476257            1.00099924476257            1.00099924476257            1             1
33566475      1             1             1             1             1.00099924476257            1.00099924476257            1.00099924476257            1             1
33931725      1             1             1             1             1.00099924476257            1.00099924476257            1.00099924476257            1             1
34296975      1             1             1             1             1.00099924476257            1.00099924476257            1.00099924476257            1             1
34662225      1             1             1             1             1.00099924476257            1.00099924476257            1.00099924476257            1             1
35027475      1             1             1             1             1.00099924476257            1.00099924476257            1.00099924476257            1             1
35392725      1             1             1             1             1.00099924476257            1.00099924476257            1.00099924476257            1             1
35757975      1             1             1             1             1.00099924476257            1.00099924476257            1.00099924476257            1             1
36123225      1             1             1             1             1.00099924476257            1.00099924476257            1.00099924476257            1             1
36488475      1             1             1             1             1.00099924476257            1.00099924476257            1.00099924476257            1             1
36853725      1             1             1             1             1.00099924476257            1.00099924476257            1.00099924476257            1             1
37218975      1             1             1             1             1.00099924476257            1.00099924476257            1.00099924476257            1             1
37584225      1             1             1             1             1.00099924476257            1.00099924476257            1.00099924476257            1             1
37949475      1             1             1             1             1.00099924476257            1.00099924476257            1.00099924476257            1             1
38314725      1             1             1             1             1.00099924476257            1.00099924476257            1.00099924476257            1             1
38679975      1             1             1             1             1.00099924476257            1.00099924476257            1.00099924476257            1             1
39045225      1             1             1             1             1.00099924476257            1.00099924476257            1.00099924476257            1             1
39410475      1             1             1             1             1.00099924476257            1.00099924476257            1.00099924476257            1             1
39775725      1             1             1             1             1.00099924476257            1.00099924476257            1.00099924476257            1             1
40140975      1             1             1             1             1.00099924476257            1.00099924476257            1.00099924476257            1             1
40506225      1             1             1             1             1.00099924476257            1.00099924476257            1.00099924476257            1             1
40871475      1             1             1             1             1.00099924476257            1.00099924476257            1.00099924476257            1             1
41236725      1             1             1             1             1.00099924476257            1.00099924476257            1.00099924476257            1             1
41601975      1             1             1             1             1.00099924476257            1.00099924476257            1.00099924476257            1             1
41967225      1             1             1             1             1.00099924476257            1.00099924476257            1.00099924476257            1             1
42332475      1             1             1             1             1.00099924476257            1.00099924476257            1.00099924476257            1             1
42697725      1             1             1             1             1.00099924476257            1.00099924476257            1.00099924476257            1             1
43062975      1             1             1             1             1.00099924476257            1.00099924476257            1.00099924476257            1             1
43428225      1             1             1             1             1.00099924476257            1.00099924476257            1.00099924476257            1             1
43793475      1             1             1             1             1.00099924476257            1.00099924476257            1.00099924476257            1             1
44158725      1             1             1             1             1.00099924476257            1.00099924476257            1.00099924476257            1             1
44523975      1             1             1             1             1.00099924476257            1.00099924476257            1.00099924476257            1             1
44889225      1             1             1             1             1.00099924476257            1.00099924476257            1.00099924476257            1             1
45254475      1             1             1             1             1.00099924476257            1.00099924476257            1.00099924476257            1             1
45619725      1             1             1             1             1.00099924476257            1.00099924476257            1.00099924476257            1             1
45984975      1             1             1             1             1.00099924476257            1.00099924476257            1.00099924476257            1             1
46350225      1             1             1             1             1.00099924476257            1.00099924476257            1.00099924476257            1             1
46715475      1             1             1             1             1.00099924476257            1.00099924476257            1.00099924476257            1             1
47080725      1             1             1             1             1.00099924476257            1.00099924476257            1.00099924476257            1             1
47445975      1             1             1             1             1.00099924476257            1.00099924476257            1.00099924476257            1             1
47811225      1             1             1             1             1.00099924476257            1.00099924476257            1.00099924476257            1             1
48176475      1             1             1             1             1.00099924476257            1.00099924476257            1.00099924476257            1             1
48541725      1             1             1             1             1.00099924476257            1.00099924476257            1.00099924476257            1             1
48906975      1             1             1             1             1.00099924476257            1.00099924476257            1.00099924476257            1             1
49272225      1             1             1             1             1.00099924476257            1.00099924476257            1.00099924476257            1             1
49637475      1             1             1             1             1.00099924476257            1.00099924476257            1.00099924476257            1             1
50002725      1             1             1             1             1.00099924476257            1.00099924476257            1.00099924476257            1             1
50367975      1             1             1             1             1.00099924476257            1.00099924476257            1.00099924476257            1             1
50733225      1             1             1             1             1.00099924476257            1.00099924476257            1.00099924476257            1             1
51098475      1             1             1             1             1.00099924476257            1.00099924476257            1.00099924476257            1             1
51463725      1             1             1             1             1.00099924476257            1.00099924476257            1.00099924476257            1             1
51828975      1             1             1             1             1.00099924476257            1.00099924476257            1.00099924476257            1             1
52194225      1             1             1             1             1.00099924476257            1.00099924476257            1.00099924476257            1             1
52559475      1             1             1             1             1.00099924476257            1.00099924476257            1.00099924476257            1             1
52924725      1             1             1             1             1.00099924476257            1.00099924476257            1.00099924476257            1             1
53289975      1             1             1             1             1.00099924476257            1.00099924476257            1.00099924476257            1             1
53655225      1             1             1             1             1.00099924476257            1.00099924476257            1.00099924476257            1             1
54020475      1             1             1             1             1.00099924476257            1.00099924476257            1.00099924476257            1             1
54385725      1             1             1             1             1.00099924476257            1.00099924476257            1.00099924476257            1             1
54750975      1             1             1             1             1.00099924476257            1.00099924476257            1.00099924476257            1             1
55116225      1             1             1             1             1.00099924476257            1.00099924476257            1.00099924476257            1             1
55481475      1             1             1             1             1.00099924476257            1.00099924476257            1.00099924476257            1             1
55846725      1             1             1             1             1.00099924476257            1.00099924476257            1.00099924476257            1             1
56211975      1             1             1             1             1.00099924476257            1.00099924476257            1.00099924476257            1             1
56577225      1             1             1             1             1.00099924476257            1.00099924476257            1.00099924476257            1             1
56942475      1             1             1             1             1.00099924476257            1.00099924476257            1.00099924476257            1             1
57307725      1             1             1             1             1.00099924476257            1.00099924476257            1.00099924476257            1             1
57672975      1             1             1             1             1.00099924476257            1.00099924476257            1.00099924476257            1             1
58038225      1             1             1             1             1.00099924476257            1.00099924476257            1.00099924476257            1             1
58403475      1             1             1             1             1.00099924476257            1.00099924476257            1.00099924476257            1             1
58768725      1             1             1             1             1.00099924476257            1.00099924476257            1.00099924476257            1             1
59133975      1             1             1             1             1.00099924476257            1.00099924476257            1.00099924476257            1             1
59499225      1             1             1             1             1.00099924476257            1.00099924476257            1.00099924476257            1             1
59864475      1             1             1             1             1.00099924476257            1.00099924476257            1.00099924476257            1             1
60229725      1             1             1             1             1.00099924476257            1.00099924476257            1.00099924476257            1             1
60594975      1             1             1             1             1.00099924476257            1.00099924476257            1.00099924476257            1             1
60960225      1             1             1             1             1.00099924476257            1.00099924476257            1.00099924476257            1             1
61325475      1             1             1             1             1.00099924476257            1.00099924476257            1.00099924476257            1             1
61690725      1             1             1             1             1.00099924476257            1.00099924476257            1.00099924476257            1             1
62055975      1             1             1             1             1.00099924476257            1.00099924476257            1.00099924476257            1             1
62421225      1             1             1             1             1.00099924476257            1.00099924476257            1.00099924476257            1             1
62786475      1             1             1             1             1.00099924476257            1.00099924476257            1.00099924476257            1             1
63151725      1             1             1             1             1.00099924476257            1.00099924476257            1.00099924476257            1             1
63516975      1             1             1             1             1.00099924476257            1.00099924476257            1.00099924476257            1             1
63882225      1             1             1             1             1.00099924476257            1.00099924476257            1.00099924476257            1             1
64247475      1             1             1             1             1.00099924476257            1.00099924476257            1.00099924476257            1             1
64612725      1             1             1             1             1.00099924476257            1.00099924476257            1.00099924476257            1             1
64977975      1             1             1             1             1.00099924476257            1.00099924476257            1.00099924476257            1             1
65343225      1             1             1             1             1.00099924476257            1.00099924476257            1.00099924476257            1             1
65708475      1             1             1             1             1.00099924476257            1.00099924476257            1.00099924476257            1             1
66073725      1             1             1             1             1.00099924476257            1.00099924476257            1.00099924476257            1             1
66438975      1             1             1             1             1.00099924476257            1.00099924476257            1.00099924476257            1             1
66804225      1             1             1             1             1.00099924476257            1.00099924476257            1.00099924476257            1             1
67169475      1             1             1             1             1.00099924476257            1.00099924476257            1.00099924476257            1             1
67534725      1             1             1             1             1.00099924476257            1.00099924476257            1.00099924476257            1             1
67899975      1             1             1             1             1.00099924476257            1.00099924476257            1.00099924476257            1             1
68265225      1             1             1             1             1.00099924476257            1.00099924476257            1.00099924476257            1             1
68630475      1             1             1             1             1.00099924476257            1.00099924476257            1.00099924476257            1             1
68995725      1             1             1             1             1.00099924476257            1.00099924476257            1.00099924476257            1             1
69360975      1             1             1             1             1.00099924476257            1.00099924476257            1.00099924476257            1             1
69726225      1             1             1             1             1.00099924476257            1.00099924476257            1.00099924476257            1             1
